[-3.28570008e-02  1.40575737e-01  5.05590513e-02  4.10588607e-02
 -1.30229264e-01  4.68113311e-02 -6.47793487e-02 -6.99048936e-02
  9.64920893e-02 -4.47795056e-02  2.08796740e-01 -3.24378684e-02
 -2.67893702e-01  1.09351575e-02  2.87060551e-02  1.55637756e-01
 -1.27698660e-01 -6.12443015e-02 -1.68408021e-01 -7.33546242e-02
  2.48423852e-02  8.19826266e-04  8.52765962e-02 -1.68003272e-02
 -1.83271810e-01 -2.50418514e-01 -3.51105779e-02 -1.40919149e-01
 -5.67488074e-02 -1.48348227e-01  5.36640473e-02 -6.37186021e-02
 -2.10073858e-01 -5.98658994e-02 -2.54929289e-02 -7.12303445e-05
 -7.33620450e-02 -9.18502435e-02  1.83084771e-01 -3.68737094e-02
 -1.53793260e-01  7.61613771e-02  8.40587448e-03  1.90940350e-01
  1.75306261e-01  4.24190238e-03  6.57053813e-02 -5.26406541e-02
  1.21078320e-01 -2.05559656e-01  1.17053231e-02  6.48986995e-02
  1.70709997e-01  6.96878359e-02  6.42758459e-02 -6.18896373e-02
  3.28317285e-02  2.30978042e-01 -1.75236613e-01  9.78784338e-02
  2.90492419e-02 -4.28545736e-02  5.33043742e-02 -2.14384738e-02
  2.11914629e-01  1.17615849e-01 -4.90567088e-02 -1.19937383e-01
  1.48990840e-01 -9.69738364e-02 -1.24364197e-01  5.70266433e-02
 -1.17108122e-01 -1.79667354e-01 -3.41968089e-01 -2.72806697e-02
  3.42735589e-01  5.42921089e-02 -2.61929482e-01 -1.06524259e-01
 -3.50804590e-02 -1.64480079e-02 -3.07815000e-02  6.69079125e-02
 -3.34092677e-02 -1.03957176e-01 -9.43605378e-02  1.56718809e-02
  3.17583144e-01 -1.06031701e-01 -5.21612279e-02  1.92495450e-01
  4.31902222e-02 -1.06733017e-01 -1.19707733e-03  1.87356211e-02
 -1.19736195e-01 -4.69191335e-02 -8.49373490e-02 -3.90985608e-02
 -3.42801474e-02 -9.98839661e-02 -5.98949790e-02  1.14053711e-01
 -1.92951754e-01  1.39670357e-01 -5.84886745e-02 -7.76720047e-02
 -7.33293518e-02  4.76986356e-02 -6.80028722e-02 -1.62925373e-03
  2.00297609e-01 -1.95626557e-01  2.25953832e-01  2.16830164e-01
 -2.58222520e-02  6.10541776e-02 -3.84086221e-02  8.39856565e-02
 -3.83018255e-02  1.00990377e-01 -1.53842494e-01 -1.68950692e-01
  1.91104189e-02  5.15718758e-03  4.37421687e-02  5.46167120e-02]
[-6.98254928e-02  1.36853263e-01 -3.24975420e-03 -1.56041216e-02
 -1.33426517e-01  5.19063473e-02 -3.16359922e-02 -5.48044629e-02
  1.23646863e-01 -1.43887773e-02  1.97985500e-01 -7.70989954e-02
 -3.41020674e-01  2.69219056e-02 -4.99827825e-02  1.21736273e-01
 -1.17991537e-01 -3.31040379e-03 -1.61503956e-01 -1.47902355e-01
  5.13159148e-02  7.49844983e-02  7.54182488e-02 -4.48979363e-02
 -1.68063700e-01 -3.18586528e-01 -5.87516837e-02 -5.25214672e-02
 -3.22028510e-02 -1.58605784e-01  2.91086193e-02  6.23621345e-02
 -1.89996764e-01 -4.60915826e-02 -3.21252272e-02 -9.80744883e-03
 -5.82400896e-02 -2.50969566e-02  2.01703951e-01  9.32828709e-02
 -1.33399963e-01  5.94990999e-02  6.38719350e-02  1.99661344e-01
  1.86764285e-01  1.86280310e-02  2.23833881e-03 -9.70687419e-02
  9.31040719e-02 -3.12562495e-01  4.05983254e-03  1.74750000e-01
  4.44584787e-02  1.17187567e-01  3.35212313e-02 -4.69177440e-02
 -1.73111148e-02  1.52410597e-01 -1.32883877e-01  7.46250004e-02
  5.43026812e-02 -1.10200301e-01 -8.94631296e-02 -3.06990910e-02
  1.69515595e-01  1.17808260e-01 -7.86891654e-02 -1.40788332e-01
  1.07376263e-01 -1.02764457e-01 -1.32100374e-01  1.01884909e-01
 -4.95997891e-02 -1.82280168e-01 -2.96383977e-01  9.30038020e-02
  3.65369976e-01  1.01816744e-01 -2.01833621e-01  2.24428251e-04
 -1.49374738e-01 -4.38435003e-02  4.34311219e-02  2.29990315e-02
 -4.00376245e-02 -8.44293311e-02 -8.42035413e-02  4.24206927e-02
  2.45293483e-01 -1.07136466e-01 -5.22911213e-02  3.02060634e-01
  6.61713183e-02  1.08263694e-01  2.57323142e-02  1.33593306e-01
 -1.48167536e-01 -7.20257014e-02 -1.00800380e-01 -7.33734816e-02
  1.38402984e-01 -9.87491459e-02 -2.45296545e-02  6.71317428e-02
 -1.86863452e-01  2.21027941e-01 -2.05695815e-02 -5.31045794e-02
  3.20010521e-02 -4.43748794e-02 -1.64961312e-02  3.65922935e-02
  1.76801264e-01 -2.80861378e-01  2.25463167e-01  1.78789824e-01
 -4.77695949e-02  1.22011110e-01  9.15919989e-02  6.09340593e-02
 -1.44490004e-02  9.28640831e-03 -1.08641624e-01 -1.49664223e-01
  4.89895083e-02  4.07862104e-02 -5.37673533e-02  1.98095217e-02]
[-0.15107305  0.16472009  0.01924012  0.03084657 -0.1087141   0.03798934
  0.07976183 -0.13591222  0.05889095 -0.07289836  0.15697663 -0.0612212
 -0.34300032 -0.06759086  0.0089133   0.17196648 -0.12987269 -0.13006984
 -0.19977309 -0.07067887  0.04819649  0.07685297 -0.05113055 -0.03000679
 -0.07455865 -0.2553072   0.011119   -0.11553313  0.05955624 -0.07225729
  0.04443558 -0.01246387 -0.22340144 -0.04599725 -0.02034689  0.03722791
 -0.13871646 -0.06614097  0.19635235 -0.00929552 -0.22048378  0.00344409
  0.08881184  0.17844474  0.13857888 -0.04048611 -0.00459651 -0.09882766
  0.09161528 -0.2584829  -0.04581095  0.15520149  0.15807563  0.17171638
  0.03653751 -0.12708326  0.02230863  0.12554874 -0.19152048  0.10281151
  0.09674878 -0.18542787 -0.03258054 -0.05827688  0.1186504   0.01439899
 -0.06423204 -0.10534336  0.20850745 -0.18215561 -0.15820184  0.03403758
 -0.0040546  -0.16677308 -0.33574545  0.02629498  0.30069855  0.20531867
 -0.16166121 -0.03502208 -0.07596638 -0.04056009  0.02009188  0.09349856
 -0.0380871  -0.08674869 -0.06086718  0.00497062  0.22056672 -0.05887003
  0.03369556  0.25163993  0.05027833 -0.01643649 -0.03690577  0.01761178
 -0.11282985 -0.07870257 -0.06813214 -0.05187587  0.00494741 -0.17129424
  0.04896859  0.1236038  -0.15802887  0.1896966  -0.01073235  0.00532569
  0.00077803 -0.00463475 -0.02474849  0.04601172  0.13796553 -0.13822202
  0.29941058  0.21270077 -0.02466094  0.07415385  0.1168401   0.07430732
 -0.03472271 -0.04441572 -0.22698845 -0.1895158   0.0737684  -0.00138951
 -0.00481151  0.06535773]
[-3.28570008e-02  1.40575737e-01  5.05590513e-02  4.10588607e-02
 -1.30229264e-01  4.68113311e-02 -6.47793487e-02 -6.99048936e-02
  9.64920893e-02 -4.47795056e-02  2.08796740e-01 -3.24378684e-02
 -2.67893702e-01  1.09351575e-02  2.87060551e-02  1.55637756e-01
 -1.27698660e-01 -6.12443015e-02 -1.68408021e-01 -7.33546242e-02
  2.48423852e-02  8.19826266e-04  8.52765962e-02 -1.68003272e-02
 -1.83271810e-01 -2.50418514e-01 -3.51105779e-02 -1.40919149e-01
 -5.67488074e-02 -1.48348227e-01  5.36640473e-02 -6.37186021e-02
 -2.10073858e-01 -5.98658994e-02 -2.54929289e-02 -7.12303445e-05
 -7.33620450e-02 -9.18502435e-02  1.83084771e-01 -3.68737094e-02
 -1.53793260e-01  7.61613771e-02  8.40587448e-03  1.90940350e-01
  1.75306261e-01  4.24190238e-03  6.57053813e-02 -5.26406541e-02
  1.21078320e-01 -2.05559656e-01  1.17053231e-02  6.48986995e-02
  1.70709997e-01  6.96878359e-02  6.42758459e-02 -6.18896373e-02
  3.28317285e-02  2.30978042e-01 -1.75236613e-01  9.78784338e-02
  2.90492419e-02 -4.28545736e-02  5.33043742e-02 -2.14384738e-02
  2.11914629e-01  1.17615849e-01 -4.90567088e-02 -1.19937383e-01
  1.48990840e-01 -9.69738364e-02 -1.24364197e-01  5.70266433e-02
 -1.17108122e-01 -1.79667354e-01 -3.41968089e-01 -2.72806697e-02
  3.42735589e-01  5.42921089e-02 -2.61929482e-01 -1.06524259e-01
 -3.50804590e-02 -1.64480079e-02 -3.07815000e-02  6.69079125e-02
 -3.34092677e-02 -1.03957176e-01 -9.43605378e-02  1.56718809e-02
  3.17583144e-01 -1.06031701e-01 -5.21612279e-02  1.92495450e-01
  4.31902222e-02 -1.06733017e-01 -1.19707733e-03  1.87356211e-02
 -1.19736195e-01 -4.69191335e-02 -8.49373490e-02 -3.90985608e-02
 -3.42801474e-02 -9.98839661e-02 -5.98949790e-02  1.14053711e-01
 -1.92951754e-01  1.39670357e-01 -5.84886745e-02 -7.76720047e-02
 -7.33293518e-02  4.76986356e-02 -6.80028722e-02 -1.62925373e-03
  2.00297609e-01 -1.95626557e-01  2.25953832e-01  2.16830164e-01
 -2.58222520e-02  6.10541776e-02 -3.84086221e-02  8.39856565e-02
 -3.83018255e-02  1.00990377e-01 -1.53842494e-01 -1.68950692e-01
  1.91104189e-02  5.15718758e-03  4.37421687e-02  5.46167120e-02]
[-3.28570008e-02  1.40575737e-01  5.05590513e-02  4.10588607e-02
 -1.30229264e-01  4.68113311e-02 -6.47793487e-02 -6.99048936e-02
  9.64920893e-02 -4.47795056e-02  2.08796740e-01 -3.24378684e-02
 -2.67893702e-01  1.09351575e-02  2.87060551e-02  1.55637756e-01
 -1.27698660e-01 -6.12443015e-02 -1.68408021e-01 -7.33546242e-02
  2.48423852e-02  8.19826266e-04  8.52765962e-02 -1.68003272e-02
 -1.83271810e-01 -2.50418514e-01 -3.51105779e-02 -1.40919149e-01
 -5.67488074e-02 -1.48348227e-01  5.36640473e-02 -6.37186021e-02
 -2.10073858e-01 -5.98658994e-02 -2.54929289e-02 -7.12303445e-05
 -7.33620450e-02 -9.18502435e-02  1.83084771e-01 -3.68737094e-02
 -1.53793260e-01  7.61613771e-02  8.40587448e-03  1.90940350e-01
  1.75306261e-01  4.24190238e-03  6.57053813e-02 -5.26406541e-02
  1.21078320e-01 -2.05559656e-01  1.17053231e-02  6.48986995e-02
  1.70709997e-01  6.96878359e-02  6.42758459e-02 -6.18896373e-02
  3.28317285e-02  2.30978042e-01 -1.75236613e-01  9.78784338e-02
  2.90492419e-02 -4.28545736e-02  5.33043742e-02 -2.14384738e-02
  2.11914629e-01  1.17615849e-01 -4.90567088e-02 -1.19937383e-01
  1.48990840e-01 -9.69738364e-02 -1.24364197e-01  5.70266433e-02
 -1.17108122e-01 -1.79667354e-01 -3.41968089e-01 -2.72806697e-02
  3.42735589e-01  5.42921089e-02 -2.61929482e-01 -1.06524259e-01
 -3.50804590e-02 -1.64480079e-02 -3.07815000e-02  6.69079125e-02
 -3.34092677e-02 -1.03957176e-01 -9.43605378e-02  1.56718809e-02
  3.17583144e-01 -1.06031701e-01 -5.21612279e-02  1.92495450e-01
  4.31902222e-02 -1.06733017e-01 -1.19707733e-03  1.87356211e-02
 -1.19736195e-01 -4.69191335e-02 -8.49373490e-02 -3.90985608e-02
 -3.42801474e-02 -9.98839661e-02 -5.98949790e-02  1.14053711e-01
 -1.92951754e-01  1.39670357e-01 -5.84886745e-02 -7.76720047e-02
 -7.33293518e-02  4.76986356e-02 -6.80028722e-02 -1.62925373e-03
  2.00297609e-01 -1.95626557e-01  2.25953832e-01  2.16830164e-01
 -2.58222520e-02  6.10541776e-02 -3.84086221e-02  8.39856565e-02
 -3.83018255e-02  1.00990377e-01 -1.53842494e-01 -1.68950692e-01
  1.91104189e-02  5.15718758e-03  4.37421687e-02  5.46167120e-02]
[-0.07874671  0.03204057  0.14049336 -0.04778742 -0.03226857 -0.06055214
 -0.06295398 -0.13093491  0.10983223  0.00500069  0.24494402 -0.00090189
 -0.29039654 -0.02617422  0.00284545  0.14805573 -0.14965348 -0.13226052
 -0.09971618  0.02124815 -0.01528968  0.06574949  0.08841328  0.05608052
 -0.11925889 -0.3715747  -0.11056522 -0.09862755  0.05216341  0.03710048
  0.00285086  0.075174   -0.24130675 -0.01736078  0.15479887  0.12312125
 -0.03907369 -0.05950166  0.14694437 -0.02138893 -0.21806696 -0.01327925
  0.0808355   0.16270667  0.2262484  -0.00989545  0.08622071 -0.10504211
  0.0060376  -0.25428084  0.0892368   0.11914106  0.06806187  0.05964853
  0.09072712 -0.23199609 -0.04295629  0.20658381 -0.17303209  0.07805993
  0.01375706 -0.0702476  -0.072171   -0.015732    0.17973731  0.12633692
 -0.17597789 -0.20447128  0.21960518 -0.16910915  0.0392176   0.13564231
 -0.12106756 -0.12147212 -0.24421471 -0.02294884  0.4571431  -0.01327865
 -0.24124669  0.04588134 -0.12528504 -0.0088919  -0.05125695  0.06572963
 -0.01417732 -0.0097219  -0.11163825 -0.03310236  0.19823906 -0.01290581
  0.08006734  0.26096144 -0.03971989 -0.01351713  0.09634307  0.07135165
 -0.10070248 -0.10616475 -0.16492368 -0.11519213 -0.10293381 -0.06572589
 -0.02698975  0.10836319 -0.16343525  0.11120429  0.01713231 -0.02641272
  0.07488262  0.03449651 -0.00776953 -0.15514535  0.15477991 -0.29538924
  0.18423396  0.13505587  0.00608717  0.1155439  -0.01553489  0.13998333
 -0.01356382 -0.00891468 -0.13477495 -0.04254903 -0.02553913 -0.05264811
 -0.0645472  -0.01066201]
